# oST version 5.0 parameters


[image]

width
960

height
720

[narrow_stereo]

camera matrix
924.873180 0.000000 486.997346
0.000000 923.504522 364.308527
0.000000 0.000000 1.000000

distortion
-0.034749 0.071514 0.000363 0.003131 0.000000

rectification
1.000000 0.000000 0.000000
0.000000 1.000000 0.000000
0.000000 0.000000 1.000000

projection
921.967102 0.000000 489.492281 0.000000
0.000000 921.018890 364.508536 0.000000
0.000000 0.000000 1.000000 0.000000

