# oST version 5.0 parameters


[image]

width
960

height
720

[narrow_stereo]

camera matrix
936.038281 0.000000 489.072492
0.000000 934.410240 355.865672
0.000000 0.000000 1.000000

distortion
-0.026147 0.071036 -0.001191 0.000034 0.000000

rectification
1.000000 0.000000 0.000000
0.000000 1.000000 0.000000
0.000000 0.000000 1.000000

projection
937.920654 0.000000 488.955720 0.000000
0.000000 935.798462 355.122410 0.000000
0.000000 0.000000 1.000000 0.000000

