# oST version 5.0 parameters


[image]

width
960

height
720

[narrow_stereo]

camera matrix
932.514995 0.000000 509.230011
0.000000 930.694048 363.217342
0.000000 0.000000 1.000000

distortion
-0.013707 0.057347 0.001189 -0.000620 0.000000

rectification
1.000000 0.000000 0.000000
0.000000 1.000000 0.000000
0.000000 0.000000 1.000000

projection
937.264587 0.000000 508.215333 0.000000
0.000000 936.094482 363.984413 0.000000
0.000000 0.000000 1.000000 0.000000

