# oST version 5.0 parameters


[image]

width
960

height
720

[narrow_stereo]

camera matrix
920.424491 0.000000 483.628078
0.000000 918.646459 359.107873
0.000000 0.000000 1.000000

distortion
-0.009413 0.051197 0.000404 0.001424 0.000000

rectification
1.000000 0.000000 0.000000
0.000000 1.000000 0.000000
0.000000 0.000000 1.000000

projection
925.399780 0.000000 484.792705 0.000000
0.000000 924.518188 359.378385 0.000000
0.000000 0.000000 1.000000 0.000000

