image_width: 960
image_height: 720
camera_name: narrow_stereo
camera_matrix:
  rows: 3
  cols: 3
  data: [920.424491, 0.000000, 483.628078, 0.000000, 918.646459, 359.107873, 0.000000, 0.000000, 1.000000]
distortion_model: plumb_bob
distortion_coefficients:
  rows: 1
  cols: 5
  data: [-0.009413, 0.051197, 0.000404, 0.001424, 0.000000]
rectification_matrix:
  rows: 3
  cols: 3
  data: [1.000000, 0.000000, 0.000000, 0.000000, 1.000000, 0.000000, 0.000000, 0.000000, 1.000000]
projection_matrix:
  rows: 3
  cols: 4
  data: [925.399780, 0.000000, 484.792705, 0.000000, 0.000000, 924.518188, 359.378385, 0.000000, 0.000000, 0.000000, 1.000000, 0.000000]
