# oST version 5.0 parameters


[image]

width
752

height
480

[narrow_stereo]

camera matrix
462.880355 0.000000 365.972337
0.000000 461.901489 247.068837
0.000000 0.000000 1.000000

distortion
-0.283525 0.074111 0.000145 -0.000337 0.000000

rectification
1.000000 0.000000 0.000000
0.000000 1.000000 0.000000
0.000000 0.000000 1.000000

projection
361.042694 0.000000 360.074173 0.000000
0.000000 423.122498 248.546022 0.000000
0.000000 0.000000 1.000000 0.000000

